10100100000100000010000000000000
10100010000100000010000000000101
10000000101001000110000000000000
00000010100000000000000000000100	
10100000000100000010000000000100
01000000000000000000000000000100			
10000000000000000010000000000000
00010000100000000000000000001011
10010000000101001000000000000000
10100110000100000010000000000001
10101000000001000000000000010010
10100100000100000000000000010100
10101010000001001110000000000001
10000000101001000100000000010011
00010010101111111111111111111100
10100110000100000000000000010101
10000001110000111110000000000001
10000000000000000010000000000000
00000000000000000000000000000000
00000000000000000000000000000000
00000000000000000000000000000000
00000000000000000000000000000000
00000000000000000000000000000000
00000000000000000000000000000000
00000000000000000000000000000000
00000000000000000000000000000000
00000000000000000000000000000000
00000000000000000000000000000000
00000000000000000000000000000000
00000000000000000000000000000000
00000000000000000000000000000000
00000000000000000000000000000000
00000000000000000000000000000000
00000000000000000000000000000000
00000000000000000000000000000000
00000000000000000000000000000000
00000000000000000000000000000000
00000000000000000000000000000000
00000000000000000000000000000000
00000000000000000000000000000000
00000000000000000000000000000000
00000000000000000000000000000000
00000000000000000000000000000000
00000000000000000000000000000000
00000000000000000000000000000000
00000000000000000000000000000000
00000000000000000000000000000000
00000000000000000000000000000000
00000000000000000000000000000000