10000010000100000010000000000101
10100000000100000011111111111000
10100010000100000010000000000100
10110001001010000110000000000010
10110011001101000110000000000001
10000001111010000000000000000000
10100000000000000110000000000011
10000001111000000000000000000000
10000000101000000010000000000100
10000110010000000000000000000001
10010000000100000000000000010000
00000000000000000000000000000000
00000000000000000000000000000000
11000010000100000011111111111000
11010100000001000000000000010001
11100000001001001010000000101011
10100000000100000010000000000100
10100010000100000011111111111000
10100100000001000000000000010001
10010000001001001010000000101011
10110000000100000010000000000100
11000010000100000011111111111000
11010100000001000000000000010001
11100000001001001010000000101011
10100000000100000010000000000100
10100010000100000011111111111000
10100100000001000000000000010001
10010000001001001010000000101011
10110000000100000010000000000100
11000010000100000011111111111000
11010100000001000000000000010001
11100000001001001010000000101011
10100000000100000010000000000100
10100010000100000011111111111000
10100100000001000000000000010001
10010000001001001010000000101011
10110000000100000010000000000100
11000010000100000011111111111000
11010100000001000000000000010001
11100000001001001010000000101011
10100000000100000010000000000100
10100010000100000011111111111000
10100100000001000000000000010001
10010000001001001010000000101011
10110000000100000010000000000100
11000010000100000011111111111000
11010100000001000000000000010001
11100000001001001010000000101011
10100000000100000010000000000100
10100010000100000011111111111000
10100100000001000000000000010001
10010000001001001010000000101011
10110000000100000010000000000100
11000010000100000011111111111000
11010100000001000000000000010001
11100000001001001010000000101011
10100000000100000010000000000100
10100010000100000011111111111000
10100100000001000000000000010001
10010000001001001010000000101011
10110000000100000010000000000100
11000010000100000011111111111000
11010100000001000000000000010001
11100000001001001010000000101011