10100000000000000010000000001001
10100010000000000010000000000101
10100100100001000000000000010001
10100110101001000000000000010001
10101001111011000000000000010001
10100100100001000000000000010001
10100110101001000000000000010001
10101011111001000000000000010001
10100100100001000000000000010001
10100110101001000000000000010001
10101100110001001000000000010011
10100000000000000010000000001001
10100010000000000010000000000101
10100100100001000000000000010001
10100110101001000000000000010001
10100000000000000010000000001001
10100010000000000010000000000101
10100100100001000000000000010001
10100110101001000000000000010001
10101001111011000000000000010001
10100100100001000000000000010001
10101011111001000000000000010001
10100000000000000010000000001001
10100010000000000010000000000101
10100100100001000000000000010001
10100110101001000000000000010001
10100000000011001000000000010001
10100000001011001000000000010001
10101000000101001100000000010010
10101000001101001100000000010010
10010000000100000010000000001000
10100010000100000010000000000100
10101000001101001100000000010010
10010000000100000010000000001000
10100010000100000010000000000100
10100100000100000010000000000010
10100110000100000010000000000111
10101000000100000010000000000000
10101000001001000100000000010010
10100000000011001000000000010001
10100000001011001000000000010001
10101000000101001100000000010010
10101000001101001100000000010010
10010000000100000010000000001000
10100010000100000010000000000100
10101000001101001100000000010010
10010000000100000010000000001000
10100010000100000010000000000100
10100100000100000010000000000010
10100110000100000010000000000111
10101000000100000010000000000000
10101000001001000100000000010010
10100000000011001000000000010001
10100000001011001000000000010001
10101000000101001100000000010010
10101000001101001100000000010010
10010000000100000010000000001000
10100010000100000010000000000100
10100100000100000010000000000010
10100110000100000010000000000111
10101000000100000010000000000000
10101000001001000100000000010010
10100000000011001000000000010001
10100000001011001000000000010001
10101000000101001100000000010010
10101000001101001100000000010010
10010000000100000010000000001000
10100010000100000010000000000100
10100100000100000010000000000010
10100110000100000010000000000111
10101000000100000010000000000000
10101000001001000100000000010010
10100000000011001000000000010001
10100000001011001000000000010001
10101000000101001100000000010010
10101000001101001100000000010010